0996042555
0345347536
1945430303
0857667114
0425276139
0345523709
0316043958
1844161978
1423141997
0451459407
1942993900
1250132134
1641149256
1250007224
0345533089
0997504188
0143039490
0062103377
0983905207
0994828314
1616958294
0765344319
0886779103
0982428634
014242675X
1476668280
0765380714
0451460286
1496029917
0571500307
1539605248
0345350480
1477819681
0441004016
0441013198
1556525591
1944314083
1484777921
0994585268
0786937521
0060791276
0984673075
1975704304
0061456578
950581643X
0345500946
0316038636
0879804211
0648214834
1453686126
0061056014
1545516480
159780214X
0060850523
0553565699
1932867031
0993235913
1521420564
1599953552
141651693X
0521626587
0345505522
0142407224
0786951214
0470125071
1840463872
1573441902
1945054085
1784968323
1548280437
0374537658
0415025621
151572171X
0765347857
0765380692
0316469076
081669222X
0553561952
0345444221
0765340747
0062358820
076533433X
0553392735
087067997X
1511842156
1939416205
1594746036
0441014917
0439136369
0997477326
0060773758
0765375079
0062399020
0765368544
0062068687
1945430117
0515138681
0316003395
0451463382
0312373511
1565232569
1503901130
0786966149
1472815718
0425235238
0425258254
0515134481
989142604
0648042472
0765333139
0692220054
8088231116
0765334658
0425285529
0394752848
0648214818
0765354675
0744004012
0345370740
0345538218
081298529X
1985833727
0999238507
1683690613
031651795X
1407181297
0764219758
1681444879
1775040518
0345386744
0997832266
0064401847
0769280293
0193593017
0312873115
0062017896
0441018238
0062285513
0765329999
1784284645
0451229444
031652137X
0394820371
1988281164
0692283870
1934935298
1946187143
0451461630
1784965731
0786966157
0345494628
1542620910
1947462032
1477824618
0786950463
0823029727
0553564943
1503946754
0765367718
1599219948
0812521390
0441627404
0345533631
1600582036
1481444115
0553292455
0345422392
0425263169
0991127684
163215675X
1760080489
1930206364
0765341425
031242034X
0756403049
1597809705
0553262645
0934009082
1983486396
0307947076
0764145355
0307951197
0316558206
0812502124
0312868855
1250199670
1481455982
1601624298
1849702578
0716569078
1597808709
0451462114
1981711554
0062019805
0316098809
1497648750
0553537474
1534302344
0756404002
141652133X
045146351X
0345508017
034553302X
149502976X
0545685451
0765330008
1416577793
0345806034
0061779776
0786886323
0786479930
0316049360
1784966932
0316302732
1583661476
0812505182
0425266591
0345027892
0345391845
0307387267
1537320017
0061969575
0380731126
0142181838
0345513711
0822351250
1937007421
0156012197
0744008379
0373257821
1511871741
0008239061
0307473996
0307455793
0316242578
0786942460
1784966185
1250297141
0345483863
1849709661
0441019544
1973273195
1483438635
1503948730
0307887448
0553582461
0345348680
1496705394
1420131591
0765379473
1932100334
0765349221
0345526678
1984092774
0553578871
1547035730
1519084153
0441020186
0345547217
0545942152
1503952088
0786965436
0515153346
1492642371
110761029X
1468303406
1973248875
0515145076
0316502359
0751514241
1411640780
1416947205
1607012146
1472828801
1976941687
1945449217
0765375087
0553573527
0345533437
0778317684
0345538986
1783291656
0989267237
0061894451
069232125X
0425218643
0425256448
078696572X
0981960707
0349417067
1416521496
0345498666
0751534803
0307474720
0373779232
0553586076
1101912278
1101910054
0345538994
0345337662
1416569995
1492265071
1506020690
1481461729
0316187429
0312360800
1640290443
0743443187
0316302376
1981635807
1440536090
0998874116
0375813659
0307468372
054579191X
0994585225
1479859494
1501161814
1782272712
1781161771
178329177X
0545349230
038549081X
0765380323
0886775272
0553418025
1942993986
1784968358
0062382640
1501143514
0553593676
1501156756
1477827870
0553513125
038533348X
153298314X
1400032814
0756408229
0765365685
0544336267
1416556966
1101988525
055357325X
0648214826
0786950668
0739014013
0316029181
0982932286
1400073847
076538289X
0994350953
0786041404
0765363488
0515142816
1250008654
0812555341
0451473914
0679643427
154639303X
149370382X
0765399385
0446675784
0345513703
1101904240
0345524144
1476776539
1477849319
0316270903
0812538951
1780807899
074401543X
099105721X
1495077837
1496705408
1101911336
1509830251
0451464478
0765364654
1983481076
0300119836
1942645589
0765382121
1979816409
0439139600
0345388666
0425265633
0449002411
1944751114
0786937424
1250092833
1513631756
0008144869
045147659X
0345348672
0999038400
0870679996
0345406850
197794681X
0765368374
0441010083
194335393X
0425185710
0553392948
0345423135
0316362476
1101970324
0345548531
0345348656
099731642X
0316177733
744003504
0996448349
0553270540
1416558497
1463640331
0765382113
1942085036
0993003737
1782399976
345538374
1844162400
150111669X
0316049913
0066238501
0765365383
0316067806
0345445600
0345456319
1483981274
1973113872
1614932034
125007309X
1543191908
9703706045
0007289669
0345522508
0345504976
1640842292
0553375407
0147517729
0571503225
1519020406
0061584444
0765351544
145169721X
0345544137
0451458753
197918609X
0991055403
0765374005
0744009421
1400034957
1783291710
098860793X
1613451229
0735210780
0999245120
1421598221
1503948358
0345536592
1101886749
099875580X
078695499X
1607069814
1927598516
0692248463
1519150377
0786958022
1467931128
0380720884
0765378817
1539396479
1501146181
0156027321
0648221237
095673720X
152158057X
0316466875
0451417925
0553295411
0756406838
0679737413
0199564094
0765378582
0757907911
1640823948
1944337040
0316033650
0345367693
1616556064
0316175668
1522765638
0744000505
4810826341
014303541X
0425256391
0345533429
1601625561
1980406146
1421597683
0451465237
194772715X
1784967297
1480066095
1932419268
0345535847
0765368706
0380788624
756408229
1617733733
152131165X
0812540026
0451461924
0744001404
0744010233
1477808701
1466443022
1597801496
1988328624
1421582694
0857664840
0008153795
0380817160
1945683112
0787994499
1419644246
0451459393
0743282655
1844161994
0451240707
0451456912
0671743058
0486292223
0394751043
1783291672
0993767605
0765386690
1535197722
0451471318
1556348223
0886774632
031286504X
1466929650
1590177673
076534887X
0441019420
0316558214
1250091667
153874547X
0316298271
0425256545
1543247024
1988153158
0425256375
1909356166
0544555201
0765370859
031627383X
1631408453
1979702799
1896944159
0316068144
1844163741
0765364883
1626722641
0804178437
0778313182
1786824000
1534304886
1503948226
0451235681
0345404319
0679767398
006230741X
154316692X
0345432347
0615891683
163476837X
1907519394
154400186X
0553588966
0316246271
055358202X
0786948698
006247409X
1432773933
0994704097
1414334966
0997876700
0451465792
1604941596
0515090204
099847150X
0990003523
1530685362
1985817799
0062459082
1101984295
0141185384
0380720876
793548616
0062855131
0441015476
0804173141
0143120514
0062038311
0743417356
0441002730
1937027473
1596064951
0765387476
1983779008
0316228028
1560254866
0994585284
0786942894
0451462815
0486488764
0812566688
0345397231
7540475587
1250073103
0345314255
0451412826
1940026067
1476767211
076537692X
0547773749
0971290938
0375871063
0345502078
1598120174
0515140872
0062225731
0451476549
0515134503
0970077904
055338239X
1600613373
0553539507
0988787016
0141191465
1947683004
0984673040
0995492808
078696376X
4810826988
0062196928
0765327902
039918175X
1530935660
0425177173
0764213466
0976355558
0307743675
0345508866
0345434803
0956737218
1977582095
0316334006
1848567278
0007101147
0062387243
0425281280
0553593064
0425279731
0374537151
0345445864
1849708711
0553572040
1250065259
148144865X
0679775439
0553593323
0345466446
0553590081
1250033454
160061969X
0316264350
1539423441
1423438752
0679722955
1503933458
0648007731
0739010247
0977257509
1496707176
1784967335
0451463919
1612182380
1980472386
1973807548
0765355086
054528418X
1630763047
0345422554
1505658209
0767904427
1541281632
0765378566
0998737321
0062073192
0786838655
1482547686
1407181300
0345352459
039917740X
044900094X
0316033707
0765361388
857665677
0486282953
0715327003
0061991058
0553293346
0995566216
076537868X
0316390828
0744002869
0316407224
160701470X
0786965363
1481482629
0345493109
0765366398
0375714413
1481429787
0425282406
1632430444
1938749340
0743277708
076538132X
0553289314
0870679384
0451417348
0316242527
1607060760
0765386631
0441010512
0316038318
1101972122
0451461037
1438001983
0345371135
1988153182
0307951219
1627780416
1606416804
1981518169
0758265239
1533619271
153347916X
1544237545
0142420913
1478772824
1423165594
1613747969
1542047218
0916211096
0765374781
0765348853
0141439769
1844677923
1440335621
1596874015
0345458346
0061474304
1945430591
0345533283
061520385X
1407181262
0765386208
0316129089
1101964839
1622869982
0142001805
1626927995
1473223660
006207640X
0451458125
1497640296
1608740498
1594745269
0986223506
1934267597
1532998503
0615718523
0345461541
1542640989
0786965681
1784967661
045146155X
1519101260
148202909X
1620077493
0435086219
0756407486
0886773687
1549739409
1503935280
1477822984
0425256502
0140296387
1477818081
1138955019
0345522303
1250147565
1481451944
1599983559
0441018726
1612187005
0553572881
0393356183
075640990X
0996903127
0062474162
0994715471
0345384466
1597808695
0345404475
1984138863
0425213978
1440186316
1581809077
1250169275
039592720X
0345335708
0140074317
1449489664
1545428816
0515147486
0983819939
1772752010
1438004419
045147340X
1977527957
076533576X
1250035953
1566867827
044101268X
0375822747
0441006159
1940026032
156947429X
1508508402
0316268143
0765376717
1419641220
1566869226
031621230X
0998810630
0765340135
0857665510
1503947114
1250074711
0804173486
0804169616
1597809063
0345405641
1616204516
0345483871
0595160220
034537522X
1515721701
0441013333
1942562594
1481456008
1844168654
0756407788
0345274563
1491769831
0978924681
0439358078
1600582281
0994515510
0345467868
1503952622
0441020003
1941706037
1976416728
0804178410
0757978452
1626927049
0345430425
1612185762
0425268284
1946995037
0451419499
0764135740
006209436X
051513452X
1906660166
000741577X
0756404835
0446616419
0812564626
1985108143
0062428136
1534301941
1631630261
1600610102
1490564713
0143034588
0375847537
0441172717
1505301750
0692928820
1595546820
1542047234
0007102224
0689710682
1481440977
0375866221
1548328464
0997257210
031630963X
0595253695
1446304981
0765356139
0744010241
0765351870
1601625936
1501192205
1497643074
0307475441
087980436X
0345494571
0743435389
0007256787
0425276023
0996057838
0520240901
1619630346
0007201818
0756409667
0812977211
1509840516
0553392905
1544827431
0439064872
0786932023
0765344327
0147513960
1540795551
1138494496
0486801284
1601625391
1419726471
1500185248
0425237516
1594746850
1475024754
0812976533
0545160413
0380720868
1784961507
0316080705
0547928203
0062572237
0987623141
0997236213
0994585217
1481455974
1407182005
0062259695
1945430427
0441002846
0425098648
0387949313
1566635039
1976416868
1927850002
0451456890
1419690701
1985828804
1622869478
1515266036
1973350327
0857687573
0425257029
1566894131
1907471669
1502764342
1250043646
1944314148
1503933539
0307476898
0142410314
1250045665
1491486708
0999713647
0765376466
0553299662
163215899X
0375703764
0425228649
0451467418
0399587322
0316308234
099985870X
1607014548
0325042810
0345322215
0307275833
0744011426
1622865030
1542047080
1499587570
0345389980
0805092439
0062078143
0765366215
0451417321
0998471429
0756409608
1250036658
0316193569
1549599798
031608087X
1566869250
0007215339
0006514839
1421582708
075827842X
1472815742
045146009X
0316387401
0007217838
1503943658
1484971515
1937007359
0061774359
0345465652
1857983270
1618687298
0374104115
0062225685
0374534977
1940534194
031617775X
1938985680
1423146778
1988863554
006077407X
0520284488
0441359175
0140316035
0062225723
1539097307
1844483770
0988932105
0765336448
147671746X
0765390485
0156028972
0345522478
0316212288
0756407702
0786915749
4757544618
0345354915
0786963743
0786965223
0986602876
051513175X
0978857518
0007133766
0974773573
1784964514
0440217563
0345524179
1608740471
0425246205
0345499409
1480004189
1978058918
1943407274
1481093789
1477820450
0345325818
0547572417
006227628X
1541123697
1783291613
0545162076
1537753525
1476738661
0765369982
0756414067
1612185401
0316054690
0345330706
0345352661
0345400437
0226644960
1501144820
0769286704
0345803302
0765346338
0345416880
0765385414
0345539877
0765370670
0609804731
0345443020
1594746745
1616962577
0451235304
0441005667
0345418794
0586071393
0761537333
1501131427
0345533305
1581806574
0957635125
1942712707
184416831X
1609765605
1250153700
1477808779
0345466470
0547577354
1478743662
042527005X
1535260122
1540865509
1101919191
1421565986
034550545X
0007112556
161868731X
0996154515
0451458265
0316085146
0310207096
0451464079
1681773635
0451460553
1419645374
0345351525
0062225758
0515153001
0547572425
1476783004
1472818504
034537908X
1939661358
1556341830
0140328394
1482546833
1451679335
0451235266
0765357755
1420951726
1501161830
080417153X
1781161798
1975326873
0765344300
1783299754
1907939202
0812513711
0787994456
1463589980
0316093637
0316374938
0990364917
0634038354
0553593714
0061478784
0345317580
1420111795
1559363843
1549885995
0451463900
0316502243
0553392913
0451460596
0375825533
1944700064
0615672760
0441016162
1400078776
4805310448
0553575376
0345323750
0316076406
0957282664
0886775957
0385527993
0316070637
0316187712
142315214X
0553263285
1844162338
0553561979
0062017853
1783299509
038086553X
1847883087
3795771706
1458411885
0345327861
0446613312
0999115308
0060883286
0140181997
1475138377
1451673310
1978045999
0060774126
1607012812
0375852085
0140158502
0719097061
0345318862
1612183956
034538475X
1477824227
1597808148
1546798749
1601626185
1947783173
1940617081
0553591738
1101989408
0142004030
1976068827
140007875X
1945430583
0553578073
1939661218
1948040077
1499622929
0425269647
077831992X
0316261645
0312380038
142012577X
0312382499
144247243X
0060859806
0345491173
1489556109
076533478X
1505896789
0345533445
1450256449
1594483299
1492285188
0061056006
0545139708
0425268810
0756405947
0345531493
078799443X
055327211X
0330426737
0515148059
4805311932
0425188809
0515095826
045141909X
1548827118
078689136X
1402716125
0345540840
1978399324
0062227114
1476781966
0345466462
178496770X
1612040675
0307744434
0988221101
1626929114
0316438960
0425256235
0786940867
1542625343
1573441678
1250005914
0553569376
1472814096
0330522639
1784960411
0786032871
0989700135
1681444046
0451419065
0441117732
1844161927
0553592858
1499737831
0765368676
0425190749
0385756232
0307742105
1937007715
1849708576
0544973984
0744012996
0441017029
080413717X
0553561405
1942562373
0451235525
1477849300
1783299738
0744003504
1503949761
0804137277
1400079276
0345466276
069111305X
0192823981
0316466549
0615512151
0765388235
0765368692
1784967505
0744009383
076537675X
0812524268
0671318292
1477848096
0804179050
0007491360
0765393603
0007215304
0743457625
1682597687
0425275760
1497648564
1601626223
014218151X
0765336472
0345493044
0007256744
1250007216
0345396936
0440215625
0062225693
0756404223
1421599481
0983400652
1472815130
1491775459
0345498658
0140259961
0425235890
1545423636
0553579908
4805314648
0399184600
055359365X
0142407542
1937996360
1492832529
1477820884
069262547X
0997832223
1786979829
0452297990
1939352495
1576738612
1976562481
076539717X
1547165839
1101906146
1631362437
1101886714
0062078178
076536543X
0765363348
1421592541
045141487X
0061974579
1612185592
0345535081
1491738413
1844168670
0786966130
0316278033
1490921478
0007491298
0553561960
1985721538
0316177725
1530747201
0553587900
1416524525
0786939508
1908175273
0345362861
1548075930
1844162443
1945054492
0062315005
1784967025
1440336725
1533528500
0441012183
0751534986
1521431612
0786948612
0007578091
1492642436
0756411327
0553762842
0061714739
0739079115
1999909313
0006483011
1542046602
0739073826
0586062009
0345409671
0307947300
034547578X
0756405882
1640841024
0345804384
1930206550
1573228729
0451240626
1986030679
1101988878
0451470761
0316187283
0316242446
1783291699
0940322552
1947620576
0062473557
0425199584
178116181X
0316102628
1939419018
1999913787
1546703616
0425223256
0786940077
0988432889
1423101502
1481448757
0316511420
0345335511
1481918109
1980434409
031620398X
0819568686
0553561936
1784966215
1540793710
188896314X
0451465814
0451204530
0345396537
0451461398
0743443225
0765365286
0385722524
0345430816
0345548507
1844167275
0995788340
0786935960
0452296641
0316448257
0441008534
1338169866
044101920X
149140695X
000720969X
0316374873
1985729962
1250045681
0451237471
0316302333
0765348837
0778319857
1594746265
0451238842
0062433229
0648042456
1558065504
0061944890
0756404932
1985843374
0143113569
0451458222
1597808350
0786032618
0061056022
0857665677
0765362813
0316302449
0989142604
0575115106
0061474290
154989059X
0345417089
0957635141
0984673032
0226109429
0345379055
1481483277
1455574449
0062334999
0452296668
0441020429
0345335651
1546435956
1101912510
1939346665
1514230429
0316080772
0451456904
0062225715
0451459024
1907407839
0143107038
0316434639
0061350966
1976903130
1101885327
0345533313
0345348109
0345534514
0648214699
1573223328
0345421450
1981325662
1849700311
1503945324
1625672047
0989268489
1784965057
0451227999
0316441813
0575085002
0316058963
0399501487
0807068756
1477805354
0857681788
8415160828
1539538028
0451466810
0441007953
0545284147
1945775076
1850281610
1973246600
042527070X
0982053681
0822596180
0756407915
0345434498
0451476581
0451464834
0375846611
0446613320
0765365405
0439846811
151536612X
0345335902
0316212334
0793548616
1999718305
1947194062
0575115122
0785156593
0812571304
034549752X
1250153271
0345369947
1984945289
0998274410
076536137X
0997557001
0648026949
0451463714
1910471011
152035195X
0765300354
081257639X
0615382827
0345361180
0062237357
0877205256
1508754543
1494389266
1490369317
0765350890
0345330684
0786927089
0061992275
0345539834
1641362820
0064404994
051514777X
0062564331
0441016057
039916555X
1499512724
0441014895
0786929804
1903511488
0345535529
0545349257
0769243762
0345354931
1548503118
0345468260
0765348861
1594485186
1976890519
1942275714
0824810686
110188424X
0345368959
1523483229
0440221668
031630624X
0345285549
1978333773
1939203287
0345477022
0147517389
0520209672
149670715X
1945775009
0451414470
1549540084
1440501459
1937110575
0316080683
1618686984
0957664931
0764139533
1503946657
1842225928
0345338588
1944728511
1906735719
1573449067
1481280767
0886776619
0553580329
0743488598
1447465725
1477849289
0345545958
0689852231
0441020577
076532363X
0812548248
044022425X
1589880498
1532868952
1544155298
0939217961
0060853980
0312567073
1521527857
1546963529
0374104093
0553588370
1449952356
0744008352
1590170571
0451949617
095630916X
0062474111
1844163148
1616558032
1975611519
0316204056
1438003579
1681444984
0316049441
055359009X
0007253567
0743411714
0307473759
034552425X
0060530944
0786932287
0425240789
1470008955
0062366963
0688161332
0425252418
152323542X
0805211063
1936781115
0553575422
0007157606
0307389189
1542456452
0451466918
042525710X
0143119680
1101966831
1530265177
312979975
125007696X
1439132852
1101991461
1933492929
031638321X
0807083690
0061684260
0870679716
045122745X
1979903581
037571894X
1780363222
0984673067
1626926581
0345443748
991055403
1505259568
8088231124
0671886665
0141180854
1407181289
1536939781
0879973382
054792822X
1510726608
0997316403
1622865847
0765394693
0553580299
1973509091
0782121454
0544947304
0142418897
0786036532
1986117472
0451464613
1976465044
1617733717
1619636069
148254797X
161109898X
1506903967
0345379039
0451458443
0765356856
1634229983
0441019625
0765348799
1421595486
0778328155
0061231436
0451236637
0345533321
0226644898
0765334348
999115308
1522990844
1503936791
0141033010
163291672X
1844163717
006222574X
0451490215
0345430441
0316003409
1849709572
1503954765
0393312836
0441020992
0425270017
0982618492
0765380730
064802699X
0553585495
0143039989
1446306003
1981162755
1947683020
0886778581
1447273265
0316441821
031602919X
0345379020
0553589563
1941544339
1627310509
0345524187
0765381907
1501166220
1944314202
0515130095
0140324127
1101872136
0545349249
0316219010
1944323120
0744003687
0545685397
0857667734
0226043770
1477630988
1594632715
1539787028
0064431789
1484707230
0451469445
0441017312
1621419517
0441014151
1484912772
0307591018
0316399736
0465037674
156975599X
0345527798
1503347257
1440329583
0984673059
1542982634
0812976711
1521108374
916211096
0812533054
0754039226
0307739988
0316069051
1540874370
0062307363
0345484150
1781164509
0312367546
0989631605
1784966770
0441013813
0385333846
0345533623
153020772X
0861711912
0142410373
140225864X
1492853151
0345443691
0316187208
0451166892
1530712122
0425198782
0345440781
162286946X
1338053620
0983910529
0375706704
0451231813
1844168778
031637489X
0147516145
1942562861
0765370905
1640273034
0812571339
076533643X
014242207X
0765323648
0765383195
0786939834
1496714342
0441009239
0994355432
0786965371
0440212561
0316404179
1981947388
0994515529
0997341718
0062694251
0312341946
0744000491
0999327410
0692046755
1498504906
0451457951
1594483329
052543254X
1493547836
1484746414
1477830839
0007428081
1477655158
0312552203
0765368617
1416918108
1849705798
1599631407
0553575643
0316187526
0062686739
0765383098
0618640150
0486808874
1622865707
0553582445
4805310812
099423919X
0756407796
0316068594
0521728738
0345535812
194557268X
1250170168
1785653059
0765378671
0345322231
0143112929
1944606009
0553575651
0756409845
1503949109
0307951200
0451459873
1910302023
0060528001
1626928401
1503935523
1935548727
0440212812
1986072460
1783299711
1974097293
0996448381
0692086226
0316466492
034580404X
1101973757
0553268945
0451460103
0439023521
1617732494
034553980X
0557680026
1250007232
0765320665
0763680907
1944314024
0451467426
0451462580
0316274135
041555506X
0345522494
0345403959
0786939532
0744002532
0375851658
0345422384
0997832207
0857667009
1600617735
0316274070
0425214702
1781085587
0451450728
0744010292
0345545982
0316200204
0990364992
0345523547
0316201286
0316278025
0130212806
1421540630
1546308172
0316406872
0786018046
1421596474
0756402727
1451697732
1503948722
1611099692
1976972515
1497648483
0756404266
0345495713
1565238079
0451205421
1477823522
0586210695
0425256367
0062281275
1480304875
0765382911
0316067954
1930206402
0473387816
1477486607
0744010381
0691178534
1101990112
0985018100
0007447833
140227663X
1775002926
0375826742
0345349369
0345501047
1101885955
1599638088
006201983X
1849702144
044101304X
1607014939
0816614490
1974505731
1775172902
0452296293
0486259501
0007101112
0316404152
1416555501
0425269663
1985115387
0769296041
2253151270
0446562432
0765398230
1844162435
1483998665
0575081406
0553582453
1250043387
1534740201
1481424319
0345534026
1844160904
000712323X
0316434604
0441010644
0007425848
0812550706
1594480036
161773960X
054792819X
1597809233
0345500938
0765369257
1481455923
1501188291
1421598264
0804170509
0007310161
1477848215
1517165504
0345514254
0553588117
0345358805
0345377591
1492199362
0425212866
1421588641
0062459368
1548165905
0451235126
1514193159
0446676101
0316242454
031624239X
1623658799
076539541X
0316033669
1423103343
0441011136
0061782637
0345379063
1503935981
0765341077
1595691901
0316242497
1626925976
1616960183
0765337800
0316079901
0345458532
1101989378
0143123629
0553563696
1844168131
1410730433
042518109X
0515134465
0545855721
0316043923
0451459423
0515144614
0765348802
0316198382
1539699366
1496707192
0425285499
0316154385
1545337381
0316219185
146370075X
1619635186
0316302686
1421593475
1533064547
069264962X
0778368823
1976996155
164048096X
030794672X
0441017967
0060748281
0385737955
042519213X
0143038923
1975666143
0425282988
0316399620
1634771893
0486226484
0316003387
0345362276
1421598205
1521858829
0345524594
0007253583
0765376229
0765336456
0451466160
0307388867
0316387355
0062659111
148148236X
1503949745
0446673390
1455574457
0765345978
1501167715
1523778148
1597808830
0812975227
0692005862
162672363X
0765379651
1999913779
159780505X
1784966894
006207993X
1441582746
0553593633
1976941210
0061252050
1622864867
1771411317
0785273220
0786915897
0312546688
0956737234
1626926603
0553591703
0140437630
1627389512
0007425899
1421591669
0316404209
1491406933
0140157379
0006164331
0765348780
0061474312
0871161958
1640822593
0786942657
161950202X
1503942856
0142181579
0553290983
034545832X
1496708571
0425269264
0595338011
078645895X
1939416302
0553349481
0553575635
0316362530
0316261254
1440328315
0999249614
0062695614
0307454738
0920236162
0765341085
1492637130
0425256294
077832625X
034529873X
1981943528
158832124X
198827432X
0778318958
1497202434
1986168867
1632911574
0316404241
0451414888
0310334543
0316101745
1616147733
0765348829
0756405629
1520774680
1520385846
0812217268
1595545786
1909414352
0062407244
1468587382
1549849565
0786965428
1976211530
1481440950
0786926945
1539682692
1635760461
1423113462
158919053X
198389866X
1988035120
1922101117
0757918905
0440245680
1973832496
1416570039
0812985877
0451463471
0316049921
1548145106
0374534462
0451240634
1892391996
1574572350
0374537925
0312423810
0062225677
1440349975
0451230493
1617733695
0345484223
0440204232
1784966282
1540725324
1481440934
1497642418
0764132601
1549929321
1986175359
0380813947
1476746842
1423146786
0425272680
0142414298
1250067278
140003471X
0345542371
1423163370
0425210812
1478319488
0739021389
1622865022
1542047323
0999655302
1601624913
1784961760
0316558036
1475070306
0440419514
1979598819
197985002X
055357342X
1597809241
1979673098
0446608815
1547107855
0765389886
0996436804
1597808687
0140185348
0425262960
0786940735
1558493328
0345424646
0425256278
1502464845
0375726055
0615864872
1472816005
0140184643
0804178305
0886775426
1492612464
0765345986
0964570955
1681370204
0446601381
0778312429
1626926832
0062237349
0764147536
0064430227
0062564544
1844167399
1440340242
0451462378
1985820781
0765388022
0425189643
0983741778
0007265921
0451476573
1937083535
1434444538
0998793108
0744000734
0762458216
1447273303
0140326014
0345467205
1939661455
0007559712
0425233367
1947783335
1530413850
0763687588
0373638574
0345522516
0062221388
0765382644
0765383829
198561474X
0553593277
1942993889
0765375109
0143037234
0316302422
031603844X
1942562659
0786927526
1477848088
1985018934
1635113040
0451211472
1501149911
0765348845
0345533119
1844164179
1622869974
0451462009
0345417054
0061240427
0007264720
0141002190
0062280201
055358894X
1784961620
1423163834
1626926662
0886774829
0316399795
0312427379
0439785960
0307931897
1935605666
0316308315
0553392964
1101987529
1937007588
1903511534
1472596404
0062307401
0007447841
0525562885
0986444146
0062367145
0345417062
0441014763
0756407745
0778368831
0425256383
0983601763
0765335360
0425263207
0062468847
0743443004
1503953734
0999020501
0062100203
1981260846
0765319233
1979557241
0765357143
0451460936
0982684312
0515152994
1598120085
0316187747
1590957555
1618687255
0345455290
156030845
0316554812
0451238079
1974216322
0786460474
0142181153
006147410X
0451463854
1619865297
0007256760
0345313860
0756404746
0143112910
0738741841
0007459734
1942645570
1503951596
0007217811
1896944094
0062191497
0996922466
0441569595
1940675022
0996911111
0786948590
0345496868
0062562169
0316389706
0307346617
1607014319
0812548094
0778327965
1416509208
034548410X
076535585X
1444721364
1501125087
1784967858
0553582011
0451468465
1101974494
0983741719
055339150X
0553593250
0316209244
0515139785
1501108743
0007258720
0765365278
1941147240
1942562365
149265602X
1616081198
0648042413
037584631X
1581807082
149763699X
0143114794
0451462637
0316390755
0765362430
1945683007
0765364875
0061689246
0446675504
0991725700
0316069140
0739099655
0553567713
0345459849
0316201561
156478181X
1101885300
0062316044
0316067814
0441009166
044101836X
0786929448
9527065062
1440339708
1640795790
0967668409
1847515797
0440244420
1521474796
1455572357
0345453743
0857665448
0345522311
0316399744
0062078119
0679824111
0316187704
0316270792
1566081165
0553573411
0765355078
0765379864
0425188930
1911344285
1977793584
1909905321
0307389731
0345456327
0553578499
1400096537
0451458818
1519396988
0857666762
099788990X
1423154266
1634220765
1444795651
1545184291
1481424289
0142420182
1495420388
0515156108
150403015X
1784966673
0765352575
0345421620
0345807111
1597808784
0553593692
1935407821
192759832X
0765392534
1421596563
0415093120
1533393095
0571503241
1623565421
1503953300
0345494024
0345432304
0765355841
0140435905
0786916095
1482546647
1979960054
0316201553
000612609X
1613451180
1944845097
0812509234
0765337592
1506700152
1983575283
0812551478
0553010301
0140318313
0806645717
1400073871
0553575430
0062078070
0062280139
1472815777
1501155083
0006482996
1440303878
1506700403
1784964662
0062333011
0006482074
1420103733
1784966444
1985855380
1983641723
0345354923
0575115084
0312383355
0316387312
0006135129
014242059X
076536302X
1607014718
0997639016
1416903232
0553584758
1622867335
8498386942
0441017010
0345366239
0316033677
1533186561
0881846562
0345513525
1849702837
1975991532
1976950414
0778331105
0786937904
1504002180
0451415485
1432789724
0425280128
0375714944
057510550X
0007452926
1947683039
0553588206
9527065240
0765330016
0316243728
1478376422
0451239253
0451457811
0857665707
0812968778
1472810562
0007171099
0007139489
0316399817
1976235901
0375826696
0986267414
1101965355
0553564935
1980406995
1484725433
7540555270
0451464168
1985676451
0679776443
0449912108
0765363534
0441019293
0425266303
4756247555
1494879190
0345019660
0141002050
0451461436
0345533291
0812551494
1549965557
1478288639
1941408583
0441016553
0515156043
0312169310
031604394X
0765358824
0449813223
1470622793
0007196148
0316229245
1937007197
1616961635
1981820833
0375706690
0345504410
0441013406
0451470044
0062024051
042528171X
0394730909
0451463633
1539420485
0345375599
0143132008
0316219045
078696541X
034549864X
0765375117
1910706280
0440225809
0316348910
1581809646
1784967084
0007416954
1414301561
1532862938
1477401385
1481451928
1542045835
006207041X
0316446408
0765365618
0345352467
0060935782
1585678201
0786041587
0916211592
1938767268
0425224244
0385742894
1615724087
0765341433
0765385252
0062218867
0983741786
076539118X
1250043778
1590516796
0553288105
0316361194
1980217289
162286736X
140516879X
0316037818
0007491344
0142410381
1510727191
1402218540
1945054484
0778319709
0451458338
0345457714
1495373304
0061894591
1841496553
1450751547
0415305934
0744008344
1503935272
0988536811
1500668745
1600580688
0316273716
0061992887
0312552211
006223739X
143283956X
1619636093
1976827736
1978208847
034553364X
125004443X
0316558052
1771483490
0007149832
0330426745
162051270X
0312360827
0345533380
034550867X
1781161801
1608866874
1909905216
0765325012
0786965177
0765395398
0425255840
0441172695
0515154083
0006480098
055357289X
1458434117
0345407997
0385334176
1545387214
0142181498
0515138096
0515156035
1973268558
0451215583
1683300319
0062237373
0990515796
0452261120
1481442236
0143127527
1784968064
0744008484
0316268119
0062407252
044619817X
1402258615
1948108062
1407181254
0345815211
0451461320
0316333956
0316102830
0765325896
1423142004
0998810614
0451460189
0156030845
1440309221
1423199626
1978277733
0786424362
0765395231
0345422589
0062380761
1974681696
1945763078
0451238982
0586210709
1844673030
0451226712
0765369877
1983920444
0760737932
0345335465
1976576431
1619863227
0765348810
0141439556
0062565419
0345435257
1985225468
1590519272
0425269272
1481448692
0345408004
0345444248
0813591716
1501143859
0441014739
0671878697
1440308624
0983910510
0312302428
1590177738
0374104107
0872863484
0451475208
1906548935
0345461509
1973167808
0393330303
1477807748
1940535182
0316466581
0062022601
0393348253
0345387791
158297103X
0440351626
0007232233
1681445131
0380732343
074344325X
1943792070
1940026016
1545241341
312169310
0062387030
097679148X
0765333112
0544449770
1455503053
0756405017
0316219118
0441015662
1945054212
162692662X
0446600253
150110943X
1980429006
0451461967
0345407989
162286929X
1981766197
1501117017
0062113720
1545422109
0147514940
150110876X
1501143506
0451457765
1481448986
0316305405
0986296937
0765324008
031655233X
1604600640
0786942770
1976777194
0553290355
1250037751
0062237330
0615835597
0345477049
0345368932
0515134473
0979988195
0441735762
0307275434
0060733357
0767931114
0345461525
006220064X
1500374822
0307405958
1449483186
0316080985
1501160443
0312369816
1451683030
059035342X
0345369351
1849210322
055357793X
1250033438
0756406269
0008163308
0778317897
1477823816
0375703713
0385738781
0061785660
0062421379
1534300244
0316517917
1999913760
0312206860
1501163566
0425271404
0451459245
0062019740
1589397347
0765363496
0143125427
0756400309
0957635109
133821666X
0451464451
1946187283
0316399787
0451463196
1986132129
0345456343
044101187X
030774535X
1980229724
0195169468
0441013872
0994355467
1477848207
0857663925
0441015050
1973824817
074401753X
0671577735
0553271644
0441018122
055357339X
1946765031
0995337853
1927668468
0156035219
1976709644
0316306223
1978181787
154645960X
0671666061
1503089401
0316226432
1503334945
1622869842
0345495721
0143128752
1635912725
1616956496
1619630648
0886774543
1544709897
0345388186
0441008941
0553379208
0307278735
1494365138
0765360071
0062359061
1546316973
1942993994
0345379004
0997887559
0765337827
1566867142
0992643627
0345539869
0345391802
0547572484
0778317447
0425212548
1944767169
0007342098
1250095778
0763690899
1631420275
1503903370
0812541715
1534911642
0553578510
0553576569
1948108038
1481448676
0399562532
1481058827
075641380X
0553213482
0143107380
031624371X
0441018513
0061229776
0553419730
1547288418
0886777712
1590131304
0451459733
1501161822
0345321383
1544898711
1581808526
0345397673
0316465887
144031473X
0804136610
1420124528
0345484193
0142302376
031608090X
0307473740
1933110368
1521575959
0997939567
1517749905
1503945758
1979194661
078696362X
0988672545
0425276236
0765324016
1497644615
0316469106
0988759470
1635871727
1250074495
150403631X
0440223016
1600581412
1944099093
0758294433
0756407729
0473419025
1468012908
0385337485
1622864816
0553563734
0345518845
1907728066
0440539811
0316038326
1503939111
0765344947
1946686204
0553419714
0765379260
0778317587
0142410365
1908172991
0006483356
0425269655
1522800603
1618687271
0316298344
0765329859
0763680893
0692338160
0973959126
0345432363
1980293015
1980422419
1783295597
1582970262
0316389684
1519555407
1912415283
0312979975
1482722887
0765356147
0007101082
0451461223
1857989899
039958546X
0007268939
1933865989
0553588958
0765365855
1549857754
1522045139
1641385510
0345338715
3867878420
0879517824
076538034X
1476782997
1501167170
045141912X
0547572174
1976884411
0441478123
031600538X
0441015379
0345508025
045146284X
0007344244
0425272265
0062468979
0999497103
0984673024
0756410401
0812570936
1534908285
045146091X
0553280643
1540335267
1545422869
0857666592
0615591736
1942981090
1590172000
1622869877
1477829407
0451463862
0739091387
0441011632
0984825916
0345523512
0739024957
1438004362
1503950425
1497640407
1775091856
0765383071
098776120X
0307473767
0316193577
045123653X
1521777578
0345546792
1937929612
1942993897
0987824899
1520952740
0062307398
0312863942
0345375580
0751552720
0061468444
1451629141
0812579488
0062195549
0345466454
1514116553
1619630672
0553383078
0765382032
0765379457
0451418077
0756405440
0786965762
0143034359
0345421914
1981287728
1572800399
1934547735
1600108881
0345523482
0984557199
0375706852
1475924534
1978011520
0345330676
0316038520
0553584774
0957091923
0007196202
0062676083
0316093564
0553564927
1599953579
1937007243
0804173613
078696538X
1477542981
0345538374
0804178275
076535926X
1566869625
0345443683
1979021341
0062359088
0451464605
1784967572
373779232
0425251098
0615950930
1440310831
0786029307
0062237411
0449215040
0515134457
0425277259
0857680838
0486442128
0316229296
0060833173
0822345056
1973501333
0756412641
1521091978
1101967021
0756414075
0765387980
1537093347
0425197484
0061452882
1980409439
1976720311
1466354631
076536090X
1979601739
0735211094
0553393499
1622866290
1440335303
1943789614
0805970487
0451458923
1974524205
1523863617
1250113423
0441015832
1592122949
0812511816
0007425864
1545570167
1534303499
1908172118
0756408040
152082081X
0345379047
0345804325
0425263231
147781759X
1633884392
1622869885
0307390276
1943272298
0804162859
1503946401
1540506533
0375725849
0316229261
1515403246
0553212281
074400974X
0441012612
0756408059
0226249441
0345443764
1581808208
1101910585
0141180641
099381431X
1502868725
0769267866
1595547312
0380803232
0765388782
0345540816
0764210432
076536686X
0812988078
0316368695
0441008135
1515244156
1501116703
1423101480
076538213X
1590203119
0062367153
0441015816
0316438979
0786019581
0545586178
1980459053
1477827641
0744002850
153735518X
0886777739
0857688995
034550092X
1985315343
0316187291
154518769X
0060593083
0425251403
0345461517
1627550623
0996365737
1505264243
0575118733
0425251063
0857667343
0345335457
0300074026
0253220750
0143039970
1496193091
0441020151
0062200585
0062468952
1946164054
1472823923
1475984944
1944995048
0316441627
1544670486
1481455990
1533683042
1481483153
0345524152
0451463897
0425181111
0345348702
1629014990
1597808520
0316406821
0552171336
1600613055
1400079314
0553241605
0007105045
1932234411
1974558703
0345545893
0312198698
1771151439
0380788292
0765378663
0786705337
0061990558
1784967513
1533018952
1986141969
0345803655
1973471167
1626927731
0425268799
0765395258
0470415363
0345409361
1511995378
1943199124
1619865750
154033497X
0836218051
0316198366
1416570012
1844167496
0786950544
1936460696
085766722X
1560257210
0515134511
0345540786
1599953617
1548212601
0812985400
1944337032
0143129406
110196538X
0595395694
064804243X
0544610946
1542982030
0441135560
0571503233
1619635178
0395366119
0061147966
1250025370
0956737226
1423101499
0425212890
1848311192
146105866X